image_width: 1920
image_height: 1080
camera_matrix:
    rows: 3
    cols: 3
    data: [4707.137, 0., 997.03,
           0., 4542.297, 336.48,
           0., 0., 1.]

distortion_coefficients:
    rows: 1
    cols: 5
    data: [0, 0, 0., 0., 0.]
