image_width: 1920
image_height: 1080
camera_matrix:
    rows: 3
    cols: 3
    data: [4.4801e+03, 0., 1030.62072724993,
           0., 4.4801e+03, 366.970915584939,
           0., 0., 1.]

distortion_coefficients:
    rows: 1
    cols: 5
    data: [0, 0, 0., 0., 0.]
