image_width: 1280
image_height: 720
camera_matrix:
    rows: 3
    cols: 3
    data: [1003.7, 0., 643.1854,
           0., 1005.5, 383.1592,
           0., 0., 1.]
distortion_coefficients:
    rows: 1
    cols: 5
    data: [0.1624, -0.4294, 0., 0., 0.]
